%YAML:1.0
---
type: IMU
name: HW2_IMU
Gyr:
   unit: " rad/s"
   avg-axis:
      gyr_n: 2.0932374894125372e-01
      gyr_w: 8.0950901837144134e-04
   x-axis:
      gyr_n: 2.0426190127203761e-01
      gyr_w: 4.8670647537517873e-04
   y-axis:
      gyr_n: 2.1381478687115157e-01
      gyr_w: 9.9728082061462716e-04
   z-axis:
      gyr_n: 2.0989455868057194e-01
      gyr_w: 9.4453975912451779e-04
Acc:
   unit: " m/s^2"
   avg-axis:
      acc_n: 2.6726709286022854e-01
      acc_w: 3.8526515971040042e-03
   x-axis:
      acc_n: 2.6581044209750843e-01
      acc_w: 3.8323091197075285e-03
   y-axis:
      acc_n: 2.6532302875673935e-01
      acc_w: 3.7594415361055281e-03
   z-axis:
      acc_n: 2.7066780772643778e-01
      acc_w: 3.9662041354989568e-03
